CH = [0	0.0025
0.018	0.002499313
0.036	0.002498603
0.054	0.00249787
0.072	0.002497113
0.09	0.002496333
0.108	0.002495527
0.126	0.002494697
0.144	0.002493837
0.162	0.00249295
0.18	0.002492033
0.198	0.002491087
0.216	0.00249011
0.234	0.002489103
0.252	0.00248806
0.27	0.002486987
0.288	0.00248588
0.306	0.002484733
0.324	0.002483553
0.342	0.002482333
0.36	0.002481073
0.378	0.002479777
0.396	0.002478433
0.414	0.00247705
0.432	0.002475623
0.45	0.00247415
0.468	0.00247263
0.486	0.00247106
0.504	0.00246944
0.522	0.00246777
0.54	0.002466047
0.558	0.00246427
0.576	0.002462437
0.594	0.002460543
0.612	0.00245859
0.63	0.002456577
0.648	0.0024545
0.666	0.00245236
0.684	0.00245015
0.702	0.00244787
0.72	0.002445523
0.738	0.0024431
0.756	0.002440603
0.774	0.002438027
0.792	0.002435373
0.81	0.002432637
0.828	0.002429813
0.846	0.002426907
0.864	0.00242391
0.882	0.00242082
0.9	0.002417637
0.918	0.002414357
0.936	0.00241098
0.954	0.002407497
0.972	0.00240391
0.99	0.002400217
1.008	0.002396413
1.026	0.002392497
1.044	0.00238846
1.062	0.002384307
1.08	0.00238003
1.098	0.002375627
1.116	0.002371097
1.134	0.002366433
1.152	0.002361633
1.17	0.002356697
1.188	0.002351617
1.206	0.00234639
1.224	0.002341017
1.242	0.00233549
1.26	0.002329807
1.278	0.002323967
1.296	0.00231796
1.314	0.00231179
1.332	0.002305447
1.35	0.00229893
1.368	0.002292237
1.386	0.002285363
1.404	0.002278303
1.422	0.002271057
1.44	0.002263617
1.458	0.00225598
1.476	0.002248147
1.494	0.002240107
1.512	0.002231863
1.53	0.00222341
1.548	0.002214743
1.566	0.002205857
1.584	0.002196753
1.602	0.002187427
1.62	0.002177873
1.638	0.002168087
1.656	0.00215807
1.674	0.00214782
1.692	0.00213733
1.71	0.0021266
1.728	0.002115623
1.746	0.002104407
1.764	0.002092937
1.782	0.00208122
1.8	0.002069253
1.818	0.00205703
1.836	0.002044553
1.854	0.00203182
1.872	0.00201883
1.89	0.002005583
1.908	0.00199208
1.926	0.001978317
1.944	0.001964297
1.962	0.001950017
1.98	0.001935483
1.998	0.00192069
2.016	0.001905643
2.034	0.001890343
2.052	0.00187479
2.07	0.00185899
2.088	0.00184294
2.106	0.00182665
2.124	0.001810117
2.142	0.00179335
2.16	0.001776347
2.178	0.001759117
2.196	0.001741663
2.214	0.00172399
2.232	0.001706103
2.25	0.00168801
2.268	0.001669713
2.286	0.001651223
2.304	0.001632547
2.322	0.001613687
2.34	0.001594653
2.358	0.001575457
2.376	0.001556103
2.394	0.0015366
2.412	0.001516957
2.43	0.001497183
2.448	0.001477287
2.466	0.00145728
2.484	0.00143717
2.502	0.001416967
2.52	0.001396683
2.538	0.00137633
2.556	0.001355913
2.574	0.001335443
2.592	0.001314937
2.61	0.001294403
2.628	0.00127385
2.646	0.001253287
2.664	0.00123273
2.682	0.001212187
2.7	0.00119167
2.718	0.00117119
2.736	0.001150757
2.754	0.001130383
2.772	0.001110077
2.79	0.00108985
2.808	0.00106971
2.826	0.00104967
2.844	0.00102974
2.862	0.00100993
2.88	0.000990247
2.898	0.0009707
2.916	0.000951297
2.934	0.000932053
2.952	0.00091297
2.97	0.000894057
2.988	0.000875323
3.006	0.000856777
3.024	0.00083842
3.042	0.000820267
3.06	0.000802317
3.078	0.000784577
3.096	0.000767057
3.114	0.000749757
3.132	0.000732687
3.15	0.000715847
3.168	0.000699243
3.186	0.000682877
3.204	0.000666753
3.222	0.000650877
3.24	0.00063525
3.258	0.000619873
3.276	0.00060475
3.294	0.00058988
3.312	0.000575267
3.33	0.00056091
3.348	0.00054681
3.366	0.00053297
3.384	0.000519387
3.402	0.00050606
3.42	0.000492993
3.438	0.000480183
3.456	0.00046763
3.474	0.00045533
3.492	0.000443283
3.51	0.00043149
3.528	0.000419947
3.546	0.000408653
3.564	0.000397603
3.582	0.0003868
3.6	0.000376237
3.618	0.000365913
3.636	0.000355823
3.654	0.00034597
3.672	0.000336347
3.69	0.00032695
3.708	0.000317779
3.726	0.000308828
3.744	0.000300095
3.762	0.000291576
3.78	0.000283268
3.798	0.000275168
3.816	0.000267272
3.834	0.000259576
3.852	0.000252077
3.87	0.000244771
3.888	0.000237655
3.906	0.000230724
3.924	0.000223976
3.942	0.000217407
3.96	0.000211012
3.978	0.000204789
3.996	0.000198734
4.014	0.000192843
4.032	0.000187112
4.05	0.000181538
4.068	0.000176118
4.086	0.000170848
4.104	0.000165725
4.122	0.000160744
4.14	0.000155903
4.158	0.000151199
4.176	0.000146628
4.194	0.000142187
4.212	0.000137872
4.23	0.000133681
4.248	0.000129611
4.266	0.000125658
4.284	0.000121819
4.302	0.000118092
4.32	0.000114474
4.338	0.000110961
4.356	0.000107551
4.374	0.000104242
4.392	0.00010103
4.41	9.79127E-05
4.428	0.000094888
4.446	9.19533E-05
4.464	0.000089106
4.482	8.63437E-05
4.5	0.000083664
4.518	0.000081065
4.536	7.85437E-05
4.554	7.60987E-05
4.572	7.37273E-05
4.59	0.000071428
4.608	0.000069198
4.626	0.000067036
4.644	6.49397E-05
4.662	0.000062907
4.68	6.09367E-05
4.698	5.90263E-05
4.716	5.71747E-05
4.734	5.53797E-05
4.752	0.00005364
4.77	5.19537E-05
4.788	0.000050319
4.806	4.87353E-05
4.824	0.0000472
4.842	4.57123E-05
4.86	0.000044271
4.878	0.000042874
4.896	4.15203E-05
4.914	0.000040209
4.932	3.89383E-05
4.95	0.000037707
4.968	3.65143E-05
4.986	3.53587E-05
5.004	0.000034239
5.022	3.31544E-05
5.04	3.21037E-05
5.058	3.10859E-05
5.076	0.0000301
5.094	0.000029145
5.112	2.82199E-05
5.13	2.73239E-05
5.148	2.6456E-05
5.166	2.56154E-05
5.184	2.48013E-05
5.202	2.40128E-05
5.22	2.32491E-05
5.238	2.25095E-05
5.256	2.17932E-05
5.274	2.10995E-05
5.292	2.04277E-05
5.31	1.97772E-05
5.328	1.91471E-05
5.346	1.85371E-05
5.364	1.79463E-05
5.382	1.73742E-05
5.4	1.68202E-05
5.418	1.62838E-05
5.436	1.57643E-05
5.454	1.52614E-05
5.472	1.47744E-05
5.49	1.43028E-05
5.508	1.38462E-05
5.526	1.34041E-05
5.544	1.29761E-05
5.562	1.25616E-05
5.58	1.21604E-05
5.598	1.17718E-05
5.616	1.13957E-05
5.634	1.10315E-05
5.652	1.06789E-05
5.67	1.03375E-05
5.688	0.000010007
5.706	9.68703E-06
5.724	9.37723E-06
5.742	9.0773E-06
5.76	8.78697E-06
5.778	8.50587E-06
5.796	8.2337E-06
5.814	7.97027E-06
5.832	7.7152E-06
5.85	7.46827E-06
5.868	7.22923E-06
5.886	6.99783E-06
5.904	6.7738E-06
5.922	6.55693E-06
5.94	0.000006347
5.958	6.14377E-06
5.976	0.000005947
5.994	5.75657E-06
6.012	5.5722E-06
6.03	5.3937E-06
6.048	5.22093E-06
6.066	5.05367E-06
6.084	4.89177E-06
6.102	4.73503E-06
6.12	4.58333E-06
6.138	4.43647E-06
6.156	4.2943E-06
6.174	4.1567E-06
6.192	4.02347E-06
6.21	3.89453E-06
6.228	3.7697E-06
6.246	3.64887E-06
6.264	3.5319E-06
6.282	3.4187E-06
6.3	3.30909E-06
6.318	3.20301E-06
6.336	3.10032E-06
6.354	3.00092E-06
6.372	2.9047E-06
6.39	2.81157E-06
6.408	2.72142E-06
6.426	2.63415E-06
6.444	2.54968E-06
6.462	2.46792E-06
6.48	2.38878E-06
6.498	2.31217E-06
6.516	2.23802E-06
6.534	2.16624E-06
6.552	2.09676E-06
6.57	2.02951E-06
6.588	1.96442E-06
6.606	1.90141E-06
6.624	1.84042E-06
6.642	1.78139E-06
6.66	1.72424E-06
6.678	1.66893E-06
6.696	1.6154E-06
6.714	1.56358E-06
6.732	1.51342E-06
6.75	1.46486E-06
6.768	1.41787E-06
6.786	1.37238E-06
6.804	1.32835E-06
6.822	1.28573E-06
6.84	1.24448E-06
6.858	1.20456E-06
6.876	1.16591E-06
6.894	1.1285E-06
6.912	1.09229E-06
6.93	1.05725E-06
6.948	1.02332E-06
6.966	9.90487E-07
6.984	9.58707E-07
7.002	9.27943E-07
7.02	8.98167E-07
7.038	8.69347E-07
7.056	8.4145E-07
7.074	8.1445E-07
7.092	7.88313E-07
7.11	7.63017E-07
7.128	7.38533E-07
7.146	7.14833E-07
7.164	6.91893E-07
7.182	6.6969E-07
7.2	6.482E-07
7.218	6.27397E-07
7.236	6.07263E-07
7.254	5.87777E-07
7.272	5.68913E-07
7.29	5.50653E-07
7.308	5.32983E-07
7.326	5.15877E-07
7.344	4.99323E-07
7.362	4.83297E-07
7.38	4.67787E-07
7.398	4.52773E-07
7.416	4.38243E-07
7.434	4.24177E-07
7.452	4.10563E-07
7.47	3.97387E-07
7.488	3.84633E-07
7.506	3.7229E-07
7.524	3.6034E-07
7.542	3.48777E-07
7.56	3.3758E-07
7.578	3.26746E-07
7.596	3.16259E-07
7.614	3.06109E-07
7.632	2.96284E-07
7.65	2.86775E-07
7.668	2.77571E-07
7.686	2.68662E-07
7.704	2.60039E-07
7.722	2.51693E-07
7.74	2.43614E-07
7.758	2.35795E-07
7.776	2.28227E-07
7.794	2.20902E-07
7.812	2.13811E-07
7.83	2.06949E-07
7.848	2.00306E-07
7.866	1.93877E-07
7.884	1.87654E-07
7.902	1.81631E-07
7.92	1.75801E-07
7.938	1.70159E-07
7.956	1.64697E-07
7.974	1.59411E-07
7.992	1.54294E-07
8.01	1.49342E-07
8.028	1.44548E-07
8.046	1.39909E-07
8.064	1.35418E-07
8.082	1.31071E-07
8.1	1.26864E-07
8.118	1.22792E-07
8.136	1.18851E-07
8.154	1.15036E-07
8.172	1.11343E-07
8.19	1.0777E-07
